0 249.83947106248203 86.10284705221093 
1 194.0294384582219 102.40533032567517 
2 183.13547559958928 272.6183675873013 
3 232.34254961827799 256.3912551515227 
4 224.97161157163265 153.40057970327035 
5 210.95291172324767 348.20579819072213 
6 324.1997027919596 120.98109900052654 
7 270.1161811370694 70.73042978464625 
8 223.79961056302506 341.821211841074 
9 104.96724861284771 247.58868423620066 
10 194.39306828320866 322.55807360323877 
11 203.46591034991272 359.75148488085546 
12 121.41968683261133 304.5803816560987 
13 271.8476631731686 172.05227454816614 
14 3.858597777081996 244.12636009887729 
15 175.11862725827322 347.9510617343953 
16 15.774186158923754 181.63578928335846 
17 148.0809564035748 234.07505727317093 
18 110.76157572891238 91.25855461798632 
19 110.4667790472128 154.87889534388572 
20 297.1409075897715 21.520889238271188 
21 230.89047520467096 296.74310298445397 
22 3.512311034367961 357.10850113997355 
23 128.9876838533024 48.617405339196814 
24 79.96308218383633 293.37718950946726 
25 264.1796395469709 151.55501615557407 
26 338.8308643137695 254.07671982013034 
27 255.7088206663854 171.90992398315504 
28 344.6855678418473 323.1004673163375 
29 150.46931651580948 106.73297159199028 
30 359.35369872894955 56.712293396468006 
31 215.0139426986874 86.6910050352066 
32 258.76836756544606 335.73814391035415 
33 285.11184556021203 228.75785154721243 
34 58.136590811509734 286.80885313137696 
35 274.5557103111675 244.47870565626587 
36 101.38286275666671 250.83949122745562 
37 188.99888669624679 92.30462111909877 
38 180.49264748087273 316.0841709692685 
39 114.60091119095493 267.1166887441195 
40 117.6199140003248 63.280062455841865 
41 18.08149083820496 76.84991460050776 
42 278.25076537535267 218.2862467538477 
43 121.89814820940687 21.848444052467354 
44 325.7005496693292 107.85301103057085 
45 230.09049848084564 10.407439682865112 
46 167.91090286129673 322.7090075749321 
47 285.9935879393984 263.7590407370737 
48 210.20385856458952 212.6019693519941 
49 109.57828210798746 288.23849687616513 
50 331.3039436055909 32.92202783543394 
51 195.69607698036612 165.49515820887063 
52 306.16188915417354 354.41597399192216 
53 355.97002663500103 75.51618797989853 
54 49.03257561482725 179.49684487332135 
55 166.9967082855938 270.91870099268493 
56 190.70723459716652 306.49669643654227 
57 52.17269740150091 166.59682019346818 
58 15.363721753689543 162.87941483962916 
59 132.51039208683352 283.3198172763255 
60 176.91161408767562 270.7923213530204 
61 76.55626818023089 110.53675076400611 
62 305.44474860549656 248.422461800011 
63 112.59479503139708 164.41525411984736 
64 322.3825437944617 155.25425188164664 
65 340.0189662312334 357.99338367128905 
66 215.0538872540301 327.9619717022575 
67 13.980012920268331 264.8714393166502 
68 143.72565497244085 329.2108765080138 
69 94.32819157908803 223.51411571624675 
70 66.41282955033236 23.923550494664084 
71 24.616118758091922 192.47068100592975 
72 2.3133146031828584 243.88206983827874 
73 251.40471099206258 147.7844018667784 
74 337.44828394174596 123.8553874439094 
75 112.3188810156577 248.32103502912906 
76 85.52145228159243 195.23129814871274 
77 108.51874127734762 178.37945175142323 
78 1.6943013642810634 42.15572280624053 
79 231.68865001997088 12.633532025291474 
80 222.02689738878493 65.57285276335053 
81 346.67554407030434 172.741124398618 
82 195.86318531269683 19.80949002780631 
83 90.08009582304992 168.5247474827055 
84 262.7893988382797 244.80602216723165 
85 131.14730274884528 112.65254971135853 
86 150.65086645438856 191.6045707893711 
87 165.03397009358818 25.130664791055775 
88 277.5222158125457 320.06287561312183 
89 247.30659023331714 97.74792962641435 
90 25.541795538772693 74.81307592681797 
91 47.11850894406623 239.90026499113767 
92 286.0685493994121 208.18644792860363 
93 45.08470764449088 323.20651769942856 
94 5.263442250456117 158.30622964899158 
95 353.48262349878576 89.50512143581182 
96 301.26460396995463 23.07018374913895 
97 92.83573327191682 290.7044696654162 
98 352.370732527172 82.99001685222217 
99 264.85904071881066 229.73429822721312 
100 184.84923937510567 325.9319670435796 
101 223.13076319457537 31.15760734565719 
102 63.84665862254177 64.16012720089074 
103 143.72694848262086 184.7331246971813 
104 357.18302124546597 128.30317358292274 
105 45.482254405892185 276.40352208525707 
106 235.21398202510613 10.39501114836795 
107 147.6713869954585 144.86658181943537 
108 235.3378658148488 300.6906752246952 
109 111.90617759895203 76.87406831727829 
110 331.6394357426988 191.75361207512415 
111 215.44209609553698 32.601069743650214 
112 226.11966867351185 186.69713136935624 
113 359.6364971170991 74.52508790348463 
114 204.72011176108592 5.920986137141531 
115 66.1819713647214 48.69959630575478 
116 354.04913950531534 212.07006433523352 
117 189.6964486658821 138.0410813640176 
118 54.224920882577564 236.10008535655953 
119 190.95837592377245 48.00369045558488 
120 40.3823210878769 253.76319201049344 
121 94.85994443586618 119.60946848215272 
122 351.9603168875072 216.9256691920486 
123 127.32364055728816 13.844918792528759 
124 244.46880325226772 37.66804415706617 
125 225.87093001105652 8.739241278745181 
126 61.53685932426962 288.2721759309674 
127 234.42312414915062 268.4312249165418 
128 63.35989431371908 167.42099887798105 
129 47.387296099491245 350.1135006799508 
130 168.37293944794166 115.0123613154483 
131 43.18088189007543 242.03926197568856 
132 46.38565706838402 168.03186461831984 
133 41.69556788626448 266.36028080385694 
134 147.34775683711416 240.40556440083128 
135 20.097604046085102 281.4328634284788 
136 330.2438886285098 217.85424104361067 
137 234.88572524756165 168.34671764353956 
138 319.50629150625804 78.75204689299034 
139 114.55977452743534 158.32641284923687 
140 179.5017969248404 240.62946291183977 
141 327.7408175383691 195.92939989251158 
142 26.235748136105627 72.02893478292776 
143 101.21236628019246 43.47488092581209 
144 36.66254406360807 179.36775957412777 
145 102.87044371044489 49.33874050067419 
146 104.05791777200223 81.19480059642316 
147 57.38813691518998 231.11190957197562 
148 67.77375325572392 236.82076387824364 
149 227.90181738005498 30.373287600064618 
150 68.93300925896557 335.5899242543624 
151 76.2058702522337 7.331549082800837 
152 114.41310818090213 200.76506508930117 
153 50.7077137839241 273.3624681995417 
154 13.307978314904846 261.8494862576721 
155 130.63578635683524 106.47875667591573 
156 226.49464313196384 221.2353660634434 
157 267.75311835330507 327.76248467104 
158 89.1450907619362 43.13025569438029 
159 100.0129630372181 14.470259956944185 
160 294.1150899014003 266.7770004686356 
161 163.43682409694406 107.10590220495268 
162 23.078644667692725 158.92277433359197 
163 124.60169011368957 342.3782765874707 
164 127.29484854171398 283.73358571956373 
165 169.9105211231147 313.30623128702143 
166 33.47585591627683 217.35000509611478 
167 205.40884463968078 234.8572760000751 
168 22.844751723586022 225.4060829772757 
169 149.3585586749707 249.34113026033108 
170 30.1376685300305 119.78010613796158 
171 68.47527248884552 48.69405145582398 
172 345.7467764733524 169.47930718025262 
173 216.3654283626251 321.3825427183413 
174 63.58867733128571 347.8825911167493 
175 83.64728902236682 296.0408104896507 
176 347.18216837057213 53.64659900118683 
177 324.06519311691414 30.657439822833087 
178 27.711523252071704 109.41176894789076 
179 305.09547206407467 86.78623362254712 
180 101.12014914398112 105.92611257181754 
181 36.9929822397993 288.5506785408858 
182 101.86363718525169 43.63217362403388 
183 339.86311334200263 283.5144784364188 
184 359.6261282259812 336.233112475133 
185 140.51669851598004 203.28311685286516 
186 45.03847539980368 37.881364310726475 
187 243.13007862760037 191.924200885738 
188 34.104484089578506 223.06856392546504 
189 53.674142577642044 245.7466122155575 
190 31.753311690473428 257.2869853695729 
191 9.936609842476804 337.3704590594089 
192 348.53671956224207 241.6056137081587 
193 83.49178123518237 206.56036694599922 
194 73.30562183681117 227.06230212130322 
195 300.6150162706215 240.39478695956862 
196 50.4899674525538 59.954985778655114 
197 35.95679286898537 58.93653688602609 
198 329.11087346711776 102.53938117899763 
199 220.2378853630621 33.87390805780599 
200 49.805081136118275 283.23797473037155 
201 103.4730114512709 158.16899054501314 
202 73.9170991328106 267.3271936335731 
203 176.47459828501994 213.8320909057263 
204 86.4669551111615 105.4556989198368 
205 132.42622619752342 230.48321029421965 
206 198.30043166073827 55.14086176627009 
207 29.654867459141133 27.788117430156852 
208 25.25521569644478 244.22827472533956 
209 189.56983878323285 37.66109661211664 
210 30.46232238491736 151.10336834791903 
211 82.64144939080272 102.17108514468254 
212 236.3884620166724 91.44491917117854 
213 282.79125242006774 285.3916623564934 
214 83.90393857765129 47.591251536431166 
215 30.261185119926903 234.5599277711957 
216 190.5723168762433 270.7498324898669 
217 18.285811500888876 188.89556565700684 
218 105.43904020446864 28.80970538749907 
219 259.9458463737369 303.7157942290897 
220 222.1130893525806 263.2456961241459 
221 158.7862507202416 106.60755028255734 
222 171.31704477900465 117.32332098794002 
223 206.23172386002423 184.60991925964274 
224 69.76437852632763 329.3967819277031 
225 307.44668815244927 328.05483154939037 
226 270.92683588552325 110.74702112607714 
227 107.95922409224575 147.01766939322468 
228 349.11844760276915 31.44514971993087 
229 325.4668306775801 145.10442554025335 
230 62.98293714437043 116.5021451851616 
231 42.623157901064474 296.02337644262616 
232 39.92399147274304 52.606432274949384 
233 4.763835838529583 352.51450005391575 
234 150.823120173031 203.82058126284065 
235 4.878374743493074 31.794249701251054 
236 130.46126290702333 177.17831663839488 
237 38.84931858427985 350.12959020871807 
238 67.02604878110144 217.56325805628254 
239 104.41294301114505 291.07168439943996 
240 258.7903955238752 118.38050539964662 
241 142.8817510423626 163.48887618453523 
242 81.73519715499685 294.0036536338033 
243 205.21627878074625 110.82704546557885 
244 320.7025033546747 3.0663641248689144 
245 299.03145927245896 301.1726415430475 
246 74.8273619732933 354.30507218454414 
247 69.91296468058046 253.4664050504671 
248 221.5327471750891 20.753028868883575 
249 81.61509932162254 164.83821554390624 
250 291.13390292863386 73.40995524319938 
251 358.826091642575 199.50726149257534 
252 3.838428707386246 101.24633753507685 
253 216.27071839767137 309.99418945339676 
254 117.3839892379989 224.1438265486501 
255 40.17383721193017 122.99536291185719 
256 50.333482044256826 294.2123056145112 
257 297.65149659299846 290.538008826331 
258 67.66060877217294 279.58058781947955 
259 149.9442140934814 116.0170492854483 
260 313.554361499087 275.53044098787956 
261 316.9096859592316 88.51236804141588 
262 107.46946703911921 147.89639281061758 
263 24.405762671018746 317.08164009611806 
264 24.18694653088813 98.46813622099268 
265 187.10477682585156 330.4140117594747 
266 110.60770234392771 191.98833489717668 
267 339.97791731710515 106.646527060075 
268 248.6435029024329 197.84566553083644 
269 91.64696654099453 104.5503525475759 
270 227.49206320896283 90.66976925491107 
271 86.45507622085404 274.9540316352118 
272 21.595102257911936 176.19397012485345 
273 316.53993834917316 346.3361967571168 
274 344.5718379331806 271.4732754303374 
275 244.65902904765622 127.19178283462718 
276 189.94764065712496 303.13297936713866 
277 74.2050350870498 25.366673541727824 
278 194.45358291726546 181.7263833007103 
279 20.31518687473712 313.76749440565357 
280 219.16783875923343 254.82852833108157 
281 339.75364879017786 125.95275535672516 
282 344.00440406614706 111.27169813580446 
283 72.28245158157245 260.72350885477516 
284 152.41187772720397 174.2397556263259 
285 55.13974418655463 140.23641055222382 
286 187.20735546259198 263.7807704431579 
287 116.57579606793493 326.74990316930945 
288 343.10632651819776 273.5620786787706 
289 210.8932129804815 181.74388785571273 
290 222.3515183171175 260.4864412362147 
291 66.2444934680031 319.02641391838523 
292 1.621386588355444 122.92540071766118 
293 3.4212370760812383 67.35319712880546 
294 98.36430176394472 54.05238826903237 
295 161.87662136931527 223.3425477187458 
296 158.73623756401582 178.826635762557 
297 38.9808349921373 109.77433153666847 
298 349.5077981992354 62.78109004118911 
299 293.420791711312 75.13767254580566 
300 311.83800492119883 147.7045895966423 
301 264.9530109598022 185.47994538281847 
302 245.30664389405732 58.673231165618624 
303 196.26684987617065 253.34576953820857 
304 25.978363765625883 1.527586460990572 
305 171.9736070881373 151.27296672145926 
306 129.22898095449298 356.68346719655165 
307 79.60329766002911 212.5479164650765 
308 306.8730403428741 289.4994683785136 
309 83.63805252053437 251.3186382093567 
310 89.40961827503175 231.4522090075221 
311 188.57646608696984 29.9858632019455 
312 39.75612318652706 144.3605070223489 
313 260.97586205046207 311.79751281526876 
314 119.30585178054748 323.4663286981324 
315 57.277133156286276 230.72494753407105 
316 208.83687327583127 123.52137533628455 
317 225.291769027522 82.20023808165769 
318 178.1344764411056 205.30959218117448 
319 264.9918152153224 298.8310936766198 
320 236.26199032962612 281.0907076343358 
321 125.97900091425343 27.35008653291911 
322 314.55383192731796 69.25001186701718 
323 181.8582218668252 186.72076946956201 
324 189.75166497531976 185.7078293477353 
325 289.0085002079574 49.63979748126669 
326 308.0512708213968 33.80094147364176 
327 345.1192267421257 72.35005721676337 
328 155.99500029909416 227.29444170903122 
329 50.40525875555557 26.06705761943975 
330 279.7336045859079 21.887358469301155 
331 245.34581036154577 272.5265072915826 
332 6.4015164944266845 350.67760455756365 
333 185.20070485252273 202.09591525096127 
334 60.28258929326493 269.4017080381172 
335 77.1669253971172 42.06418707553788 
336 155.89279226628386 343.8962211770918 
337 186.07104152640534 139.18394913904106 
338 148.32028424734563 42.99071731747277 
339 117.970953384718 60.358460363324674 
340 286.1539942911421 204.6780402098663 
341 323.1049551265412 91.20030290246063 
342 110.71047327412195 51.8423838783688 
343 353.87172757264403 166.14388788638192 
344 149.4378889825033 96.73958788952051 
345 182.4507646069966 118.6871409617752 
346 340.87826928342076 184.8797089876737 
347 347.31986298306896 296.1159426337582 
348 148.78785591439035 240.49884812330535 
349 210.75837980557043 149.381042450806 
350 197.16001290687515 128.77125704100058 
351 48.30418032130468 327.009165517377 
352 240.91591529369467 177.84529432262994 
353 182.8598302467822 235.9649720521181 
354 5.651733764270537 311.05679507174693 
355 97.33745555037125 324.22079707238134 
356 80.61842767843136 349.18477926895264 
357 241.39993983970768 264.60793725171106 
358 328.45455831050555 128.14641620038827 
359 348.02544118170243 22.188720196821482 
360 112.49727751439546 29.33511973493267 
361 140.72491176636498 296.6935510285465 
362 289.8456634894114 98.84094111055519 
363 67.87527602989562 191.895153116946 
364 191.45718106704263 55.85560731323832 
365 147.47741638623557 14.73577443096142 
366 74.78314986573102 302.36679560344766 
367 199.5978741095053 125.35388752152126 
368 123.31036464730315 141.56832423176488 
369 1.3583282744125285 74.68124385376574 
370 63.63943724982311 203.78638495980155 
371 358.7294801733504 312.7757857591241 
372 28.421592523854812 262.90003616645225 
373 265.4493000216807 203.93142669717764 
374 192.58362443471506 107.96348166290986 
375 351.1578719594903 180.58253063892752 
376 70.00310943309829 319.0499613465186 
377 35.124560109952675 237.59668355981083 
378 187.35438393524822 48.70043894669157 
379 128.60804727085812 341.38560495926777 
380 265.214958312975 71.16481165730995 
381 292.02469700222343 200.72523727679967 
382 132.82733394903195 196.1850964653158 
383 274.77877558381766 38.19019553994458 
384 277.06374851672643 42.344656254789214 
385 206.51802557587544 192.77922917272514 
386 268.98695831168254 109.4698324433421 
387 195.63707288879573 101.08420337696046 
388 262.50220527302037 261.56366053280294 
389 303.7920010002458 207.24563570241259 
390 285.07736264598304 128.8128677034686 
391 172.62457734144613 198.0241603287858 
392 248.10362933749371 64.55447408023032 
393 96.60555930527327 335.92302145465493 
394 86.78034536011485 255.84698496360969 
395 301.8740699775324 359.349710353301 
396 44.452765717688266 46.7480998410027 
397 197.66527180689022 316.5786008578835 
398 198.33248537260764 312.2088104762877 
399 267.25376238284963 55.0516505437655 
400 196.45810257609526 167.06416948563032 
401 208.8612772637716 176.88258614332645 
402 285.88447443583476 34.09209514188839 
403 258.3988684024659 6.241344211767869 
404 347.50614171089074 324.22891759321357 
405 95.94144973178629 28.62556695475748 
406 91.56184516597837 104.2809900291816 
407 226.2709218316726 49.88381557155644 
408 63.9033422096462 242.23882166711428 
409 137.24165157971677 104.3170408092448 
410 314.70190852087705 44.98976812449237 
411 97.08243837300911 254.9119122673707 
412 174.45796063821578 298.6217270184181 
413 358.1900808308656 154.36570739375944 
414 165.0182591325029 306.3292134658248 
415 46.54548269407287 109.59664575802105 
416 300.6130290960222 212.57694935048067 
417 275.8187647749176 247.38840771921502 
418 195.4979779037437 307.2307152256205 
419 218.35240195705038 304.0904862484799 
420 233.19972448432145 90.04604740009788 
421 156.2547693086863 252.62102643491207 
422 12.137092953760535 216.04352463521852 
423 50.76917312249231 37.573530885742215 
424 20.13475813764594 267.4295893297598 
425 268.1842835337539 160.7311313330055 
426 221.61966740417733 325.10908033753265 
427 158.93011371696542 144.12111692710184 
428 66.15752775811535 122.62044441426241 
429 116.32047490641645 274.97162894602513 
430 83.43847478005448 251.23844095633254 
431 14.670474184906949 121.87185322065454 
432 58.62862195029326 284.2216417788166 
433 341.8874660298952 212.09834036906068 
434 305.5686927601552 141.86204431807988 
435 346.79822702321445 222.0095975366844 
436 319.29212943184007 193.13788279804697 
437 48.752452109886974 94.5201080129407 
438 182.48072541414322 270.12286409622766 
439 58.98913275686813 226.5139070196305 
440 43.95741870802688 343.633575165867 
441 65.95949435109007 81.14819684149083 
442 175.87758765172782 48.9107604273106 
443 168.73276854110043 234.7966880662402 
444 295.85244015746974 322.78180473067823 
445 179.89331087655506 294.89401974323437 
446 283.50458627119434 283.2281081643896 
447 272.3702003462565 263.17046988108495 
448 120.50282372700703 358.5290937547437 
449 71.65579405576776 162.92168456603585 
450 29.783466292978225 129.65420289565233 
451 102.19731297823604 216.7027205755327 
452 81.02588755910485 212.38666469629953 
453 202.85421642875428 44.048393645725156 
454 48.43939889927676 68.0962104521258 
455 178.54995085382316 58.51660296313594 
456 283.5133506848612 259.48137879087295 
457 196.3155104739062 268.9464417112766 
458 21.545437456629244 59.58997296746836 
459 147.49140715717445 21.57733098908318 
460 125.17790425406929 180.68069320778827 
461 258.5801119477673 315.17013833607837 
462 36.10589400538659 130.35081433008344 
463 38.21594539771503 29.895448795699323 
464 21.38862621581144 18.318387296321184 
465 127.06463509560142 22.11154771114431 
466 95.85728286701891 161.8874290797773 
467 16.363720296273563 186.77740686244056 
468 323.5996431394736 355.1243264041911 
469 103.26901104579794 31.658889833003975 
470 144.70176937136864 335.1434336118336 
471 265.95123736332965 86.63927701242258 
472 148.86886995613867 128.91233858094478 
473 7.969489884120526 124.24369856259337 
474 345.62658088399934 308.53172806835335 
475 235.01858204233753 38.006801878423005 
476 277.4421119560959 214.30198764719682 
477 185.70671485334208 329.9551436137512 
478 170.69653228762482 105.57304175651808 
479 166.22414338793538 186.3498958717907 
480 320.1575678852616 238.84092478595002 
481 84.93545725096087 169.62029958422102 
482 244.84048058943742 90.95578020091003 
483 268.2962542544363 43.24396472692902 
484 35.76884820350857 202.56920146261132 
485 172.5155772447656 170.56850440697008 
486 197.6770884269638 31.928245545013006 
487 101.49181100026476 237.14678859883725 
488 70.62338028847441 82.38587114695137 
489 16.052489614332078 22.962791347032645 
490 313.20141117301654 292.77264430324067 
491 28.4195143551146 150.9169990050026 
492 74.85395928315857 169.32493855993673 
493 236.8880377660185 57.499156643667035 
494 314.5877372560026 158.74651166790284 
495 197.03527097290788 106.99330824130867 
496 39.08796615966013 37.28216294469971 
497 83.00012560112577 240.62349880900507 
498 78.49826310532207 203.24788787003965 
499 291.0833780158622 189.5286110227473 
500 357.63782856752476 295.3646306802913 
501 339.45177797602514 252.64336769862476 
502 286.5607837419845 205.16105485059964 
503 194.07913295578004 106.72947816072285 
504 99.76943537455627 109.80495650961512 
505 184.3003213016011 114.37185436359482 
506 288.8090675800994 19.46206617420236 
507 106.17833757025684 2.620314695897908 
508 38.545020806121315 31.665397439386414 
509 302.1340707018381 159.3683153032411 
510 358.5633747645044 165.57798219324093 
511 193.82436985899506 150.23706052656058 
512 232.83587768662693 168.78206399391937 
513 299.8600428506616 346.11211671133066 
514 55.57505492091358 290.85245839839735 
515 46.066994428106355 11.982366124954241 
516 268.40667407038615 280.2469915412576 
517 185.37499613427784 119.46462176532677 
518 353.1173178853614 211.43895378325539 
519 161.9766042432355 207.65504791045169 
520 215.62489543689864 77.06235765954106 
521 156.20282239336726 156.67968655002906 
522 157.26586701308958 271.41711063187387 
523 194.41855363546043 4.2647931569811295 
524 248.70766721781865 13.874599938020962 
525 316.91715004043243 127.24410657463204 
526 160.64990592967374 214.57025096563996 
527 181.58380524001632 124.1760530813561 
528 89.21580424673708 122.79307275721908 
529 295.782006887904 172.60922381154182 
530 327.2377402482979 128.6338476689718 
531 287.33377626978034 64.45793181506454 
532 355.4961037555463 79.78679564844393 
533 229.41538828646296 267.78172511322197 
534 119.04932167961132 69.42576060295012 
535 199.21432754794554 162.01711743365564 
536 299.58826905415475 253.26222402986642 
537 138.60500835586998 127.8721688872622 
538 263.63873812424885 23.048511105159836 
539 227.58628945397498 133.46195791095934 
540 215.98811555122677 325.42892443311104 
541 178.82972493360785 336.2674199985857 
542 111.52700199644288 166.24413885643733 
543 111.45147613798945 12.79273634086388 
544 13.929474698538087 233.35160195170263 
545 255.0041186923626 104.58932110238797 
546 97.1969172489508 128.8761440482315 
547 204.01221160158522 63.822732422960314 
548 232.60496033297304 106.79539852035258 
549 77.55081909227762 118.18142786193177 
550 66.35080484996354 115.75433072149274 
551 58.36253969207644 155.54295013617437 
552 294.04617706387927 281.5254321695061 
553 245.08296823727642 221.8295996351114 
554 317.3114398393614 221.17299505752254 
555 202.89841979478618 324.109667387459 
556 336.9676774936011 20.95214000719409 
557 60.04598332625904 132.126332860509 
558 327.2546562314477 243.59619759398416 
559 292.17042381360125 175.6577793220385 
560 296.3932288619842 100.71017121020725 
561 147.5222258840868 1.4738184840764965 
562 28.231194987443732 231.03349112123092 
563 243.6658438298669 320.458943432073 
564 88.46208607114376 201.80806865580018 
565 49.149965200097725 118.04214700241376 
566 106.01268267889115 136.15571914092075 
567 106.25032086984189 184.08540020763368 
568 98.54146082634855 186.5155745775493 
569 357.2027077286805 28.509819441393805 
570 79.8433750637114 210.16513588964114 
571 224.59945007059426 215.7088284203203 
572 193.23415273963775 167.22058754395442 
573 195.874306225633 31.055069864030145 
574 325.9056638649198 202.31676366722576 
575 140.45074016372322 3.2415791039402593 
576 41.929270348686956 297.8220329015809 
577 65.2016562660829 151.05922297228977 
578 89.38826657138897 74.08667501001973 
579 43.687652977487176 96.55632289900933 
580 83.00683433961606 274.61814362157025 
581 139.69943759486378 58.450424465830125 
582 293.6569729100029 171.09747629004377 
583 233.4447249067227 31.19439257610279 
584 112.75950319268898 300.54390654060285 
585 307.57110489635784 216.27446258998748 
586 189.45177741123655 266.6600366494432 
587 110.17770576858194 243.48317508448673 
588 210.8999133646568 28.21004331584971 
589 185.42623690976114 110.8624785775466 
590 335.50151374656275 89.34456245110215 
591 224.56259524023076 206.74585117940487 
592 351.34402266559425 348.90454008601284 
593 285.6542219194789 16.268616165108433 
594 2.507479271280255 307.08705168945653 
595 170.82724344185826 213.49805955154363 
596 50.14491788622141 57.93589754565299 
597 77.80723213636414 359.7901142359765 
598 195.63891592879145 282.7386212801489 
599 309.5444321172311 84.02524256950213 
600 348.17519880876716 14.086765815089345 
601 241.64015367637265 100.13918502262712 
602 329.59247636210824 63.8501695271501 
603 40.7805181342428 190.64938830086896 
604 239.4257524886683 188.8582250113871 
605 319.05448368841246 325.7320643784242 
606 200.53108815158242 136.12132417685325 
607 335.39449550378913 52.94998706667217 
608 351.394323545639 98.82834925043123 
609 28.333875788007777 274.67238359046297 
610 250.08214641833146 44.55467115634663 
611 136.72305110924873 176.07418015539497 
612 147.28319904912723 93.45348792986688 
613 246.45905092092798 295.84980130145556 
614 23.788288961029224 283.8263464602685 
615 264.9521747748266 338.3044462397935 
616 23.84079539741706 319.82124260848605 
617 177.53052536818032 29.164965365521994 
618 196.59211498782724 68.33820193992916 
619 47.432973607749965 304.03733191176036 
620 145.03812448156427 148.16120581126356 
621 242.23460786668008 168.27231080242763 
622 57.210644536033605 136.36706625463648 
623 20.71413735395722 344.83682624051363 
624 238.80205620709725 257.88561404722145 
625 305.6188143549216 104.05589827537351 
626 96.38077683078991 139.81562419725748 
627 247.55829034885744 42.31023687001509 
628 303.6129340078184 168.5013975263268 
629 117.32041853826831 2.3058805152484667 
630 191.10936593893504 55.314561117867036 
631 30.600121869066676 50.17936095240403 
632 76.46920373097252 222.73517196900636 
633 203.42955935107454 290.7035101700196 
634 167.63715142103757 240.36788014640706 
635 9.445889056731744 253.779691707365 
636 159.65663244043563 173.45226730303733 
637 215.95347589671456 71.95852689403137 
638 349.6135663364784 269.99565582977885 
639 333.6277828525892 7.063598662768417 
640 38.650564831655274 175.49335423909247 
641 329.8143827281176 92.87741337232198 
642 208.33012790060258 217.9893674738429 
643 319.1860961059496 270.63389142531105 
644 6.035558246226143 270.279277543656 
645 106.93318547571513 344.0406017435564 
646 285.83215627903354 20.597777765195392 
647 123.31435993314358 287.5162919136704 
648 121.84390985050138 25.6502117097253 
649 111.71375781003768 153.8689306067178 
650 280.85923525460936 295.21783262247266 
651 139.2684107392933 13.65193093720176 
652 96.62163084008547 98.69551677725799 
653 271.00496291437616 127.58179074910603 
654 132.58615711273626 136.11291236463907 
655 295.8800073150612 206.3828021559384 
656 121.0388372116627 153.67356502694952 
657 54.073511794811104 272.5634319426786 
658 297.75933906865646 287.1286556535884 
659 284.45708847466005 181.647959682142 
660 147.21323506518718 349.8203221746404 
661 296.4507210772699 242.5854414115984 
662 307.58141384294396 154.4154630860178 
663 257.5741248731531 147.95020706435747 
664 192.58985770641019 343.4015973309549 
665 40.879026836076754 315.5554327394196 
666 301.466870395859 302.34988454406977 
667 14.786228948201375 58.40981066997034 
668 202.3709087720377 317.06852068188914 
669 223.4484458886144 130.53592143358787 
670 63.67903760963354 141.34024294274192 
671 209.00280828093767 299.42560962997317 
672 179.7684009072715 264.88304460071134 
673 301.8015277571083 121.0600192827676 
674 296.23348433126927 162.41682448670673 
675 98.86760739332487 184.73232393536063 
676 193.61120206384575 253.2622894351472 
677 139.61637131848013 68.75330450231654 
678 17.034245922763642 291.587425176439 
679 67.51716227285813 268.3039508245363 
680 260.2908351874627 10.1286151126161 
681 182.25486369146844 187.73441903390187 
682 165.40138303127108 62.47549151966579 
683 134.64799536228247 35.87575061890122 
684 280.27518358571683 212.28242414712665 
685 131.45554776842945 38.90849569310501 
686 46.755639519050824 119.64310483930447 
687 132.89473505105713 82.47168573833609 
688 213.18928940690398 11.652954379206935 
689 190.97800223136298 37.466146434724386 
690 266.7437811954577 32.74894656014341 
691 180.91078791026035 262.7008282124022 
692 10.310329940871998 23.659923722187152 
693 21.85618932877445 248.35763085162333 
694 166.6795159202717 4.933584974171088 
695 268.9801842733466 242.15646920983653 
696 322.19473175875805 172.39894943797444 
697 129.11513955246903 114.00926258034364 
698 68.928346059916 13.023110765669067 
699 36.50481052166448 120.26010941266794 
700 232.67360312209823 249.35048558823883 
701 22.769039769311384 298.99249444211017 
702 3.404405840426013 349.91209948207586 
703 247.70952708255888 284.96359854502685 
704 293.36517697289946 185.4646445185889 
705 208.5800499451437 194.42049069518959 
706 235.64826983047192 338.289062562404 
707 15.818716516263017 114.03831462125173 
708 223.82607725147415 11.807139026183746 
709 317.26647620858046 318.9649798668775 
710 155.84293861035775 49.76556475549849 
711 65.90822644196561 21.391852955770272 
712 329.1600560648994 165.66179858634865 
713 339.573024431863 246.29682208911552 
714 278.58502264513174 314.66931655852676 
715 284.1059717004956 316.0970857816488 
716 46.13761053561339 287.982140562055 
717 176.18331298379238 10.022605571293358 
718 192.23286822177906 28.211832431411093 
719 294.1577197873536 45.539334982010054 
720 36.19835327029308 28.099748323905168 
721 251.60878610573536 161.92092067451657 
722 38.72258339092839 107.58270230382745 
723 340.80655247342406 287.9570691630778 
724 230.92209511367923 329.88098998188354 
725 146.3166665356396 30.831781629747102 
726 258.36834729430495 215.51121528359477 
727 310.8415136654303 250.363029267709 
728 170.7821129733567 286.4686335981521 
729 172.34520214558972 98.10885388610262 
730 124.20345866442082 84.57549151612837 
731 13.653824483743936 203.7387878335645 
732 319.6478330624159 42.59436212636596 
733 242.7581974858573 305.5048461653105 
734 36.177965946748 226.82816247168446 
735 149.1164873210794 268.68682070775225 
736 357.4055390122037 196.06852401084728 
737 95.38616963203836 336.1491149344134 
738 204.69297653616434 96.94578590020305 
739 322.88578145585655 15.876369334854896 
740 246.14497066276314 161.45036220879118 
741 225.42591762955794 321.77853866741503 
742 44.64722685972827 282.0580570755226 
743 235.91431327887082 108.05518173959354 
744 202.49143058570579 323.6434973449266 
745 257.4878491511751 49.90486426169498 
746 79.76935468915306 42.59546679352305 
747 170.0527580092704 337.09616021235814 
748 46.81899430081292 330.8362877919644 
749 208.51074874589932 320.8318656660159 
750 137.33754193113688 134.8313446330933 
751 228.6135709026347 58.23814955741418 
752 1.3501164294895154 313.32694318577165 
753 355.1182969180343 343.5820173647999 
754 55.204488427814255 359.47983415557496 
755 356.0170861350834 122.70450343940797 
756 271.0631316178955 207.25866131588427 
757 243.04786626122757 305.3372740969703 
758 182.11503026169873 198.9812258468592 
759 80.20128795540813 317.7064913010084 
760 123.83116331125038 233.52219774269835 
761 317.2820017525185 114.81444246676881 
762 142.58051356967434 27.96993082841188 
763 230.54159882406466 117.02816405269377 
764 72.5513944150001 106.48647592822914 
765 115.23753953161172 310.0994272352212 
766 63.81030851004895 229.94062653495908 
767 110.91466264452976 185.28637213438435 
768 288.1178881758303 194.07218018989985 
769 238.39124700258992 330.7850820183069 
770 164.64380987708654 277.7190347570958 
771 120.82902263837971 56.52561227089615 
772 356.00087203335426 19.439663082896015 
773 323.9341672882814 308.725016650734 
774 82.69684594629197 70.4149485507258 
775 118.9411687621733 308.92679939993815 
776 159.72099766436867 270.44890904371147 
777 306.5319095227279 278.44240929736964 
778 229.064077695597 195.56984025378762 
779 168.64560435668474 83.51752066655456 
780 89.76815704803519 40.5363881744822 
781 166.29030989786867 158.18188067132147 
782 355.0138618250536 184.83083280083997 
783 190.51713841385381 222.74688156480718 
784 327.45120841907334 305.08417065142237 
785 264.1519165874233 225.4139970144177 
786 226.82514229602648 77.95914559371832 
787 252.378206191835 289.79742255684266 
788 125.98461091881282 138.36997991200468 
789 157.64554658866618 159.22032576128197 
790 155.95349906922402 310.07668811963345 
791 139.6037429565713 183.60974485610447 
792 288.7528240824594 264.06877128062325 
793 314.68061690731435 324.4781631091842 
794 325.558185448069 228.71846016863284 
795 34.58097672791328 182.19181792357296 
796 245.05899394044692 150.83155889605598 
797 64.69345878126819 95.08464305112604 
798 118.1356448464332 50.080459237155374 
799 325.6062893590984 173.75487668918305 
800 188.5676816053375 262.84842590591614 
801 122.29055683928279 306.1814296309988 
802 53.16809779089193 190.82859557277214 
803 17.914496168468194 8.875916798669568 
804 202.8101102011665 322.0366977571148 
805 19.26989614084634 87.29601187289188 
806 127.66203965975824 27.842525326306955 
807 8.226949288610902 96.0590157104257 
808 349.4136239137041 43.50663449487773 
809 277.65645339791564 155.3427848855587 
810 347.92595254838733 151.4646012866007 
811 128.8828235595444 204.73906828823192 
812 294.3703590581727 184.38401810162682 
813 273.0258052189114 268.39622177333626 
814 265.0460471614255 235.3592906342013 
815 134.48777699497683 101.39597490204558 
816 182.86427970610225 37.23304443444448 
817 241.54779069117882 251.9460728116266 
818 263.81409323801586 245.15272173477237 
819 306.1906152682239 19.486592946669195 
820 121.81097400809968 41.21289242560897 
821 2.192347954059051 235.9009859526462 
822 233.1072570649968 107.59123640797343 
823 95.65162768117396 344.10646552969484 
824 137.41282068162198 155.49185804781945 
825 120.08671469252727 185.46020827406437 
826 272.5051918326006 201.46955152424155 
827 163.20585160410513 200.00100555236892 
828 329.91930100815 251.01812722777748 
829 73.78749868248566 291.790548037237 
830 222.45500231446584 54.07476838095355 
831 334.55855379476816 74.26266714212605 
832 333.1864938531569 211.84914610220798 
833 76.61111055505368 316.72423370837885 
834 87.35241575759483 311.8104707254498 
835 48.69506099421713 4.022315657793637 
836 150.9343433565266 218.7285123644168 
837 304.58589441142567 63.578505313362804 
838 140.4229545910051 139.66479403042257 
839 10.954423975815308 212.81193143723198 
840 145.74498509561022 318.4425907131322 
841 357.4400707355726 285.57850768497593 
842 303.94679542193273 335.902886390294 
843 226.49044681635667 288.8191216067299 
844 168.2178954809261 166.33282745003083 
845 32.86329495201595 27.77977593839204 
846 265.11089449557244 105.54328280283286 
847 212.54934834342387 128.34149701389566 
848 354.5149755749171 197.83007204569057 
849 142.89126020414423 137.86488934353073 
850 294.2221752837658 312.71923981931815 
851 167.87191162485678 154.70321271511727 
852 12.742482540153203 37.82221750063215 
853 291.53681958968804 317.3004139018003 
854 56.93955618483637 202.18448735746685 
855 51.67511994828966 308.8063272883526 
856 202.8044073559196 59.51000256703993 
857 328.6178831920646 63.06486735211869 
858 17.026018710278187 169.01349679087224 
859 175.88710176593628 25.08956136170614 
860 276.9602488280859 163.2418106742227 
861 39.694837181609955 126.09774610169026 
862 215.81704341703764 224.7543083383239 
863 121.68809541455192 167.75660680749647 
864 292.08342283379415 145.7513692444549 
865 2.9141159500665554 93.00085700689226 
866 66.45855297870776 35.48037800600526 
867 288.63670730581737 193.47016746120192 
868 14.696846265016125 353.76875390428376 
869 55.149975765615224 328.6510125116778 
870 91.98675307889795 317.861078365981 
871 42.92665609804601 265.0253766409511 
872 146.3660741466259 94.52264471264603 
873 140.50785670136992 299.1328228521444 
874 337.8523863129446 290.47123173326247 
875 324.36975385768613 353.11433635207834 
876 289.4747281504595 147.12730595996453 
877 267.10472910696365 148.90459510070323 
878 88.5576329243562 272.2986830834918 
879 78.78619147962462 292.1552556261013 
880 358.3314571216508 254.79508341165297 
881 296.940442238365 322.56649886320037 
882 215.28781222061883 117.01271085829995 
883 58.519506068147315 246.49421247383245 
884 15.245120802594899 304.20446515868963 
885 286.74390697364265 126.52022710171664 
886 80.59734239297141 2.6324195495729152 
887 243.93718740976982 73.48535954223914 
888 241.09267092859105 328.80758387346526 
889 228.98615256950083 146.29788365717286 
890 36.823068741774215 266.59754570813635 
891 145.49379056046683 57.52660919268433 
892 65.87776906520904 264.3509844776294 
893 87.37553099285522 63.482694367211536 
894 259.398862023916 48.100525397277266 
895 319.61922554021356 269.6439437884751 
896 152.8519976661088 6.376977335574796 
897 282.2325848967016 293.58217264761566 
898 238.7363778939747 127.40185102223714 
899 281.90258412448844 104.32273907222823 
900 192.24148769535032 292.75677766101643 
901 56.32210934662973 293.29520970002113 
902 241.90495063881636 47.39827815816029 
903 291.270403321131 21.617818130195584 
904 166.44619354960517 21.186228424929656 
905 122.81049946819769 126.52433620023189 
906 167.21511212118347 13.645532029062624 
907 299.32667596262735 68.05061379150911 
908 97.81407131267626 221.6030145641422 
909 312.46235486822087 358.47942807707227 
910 115.33349944187677 322.74810497454393 
911 286.8614824109268 149.607095190431 
912 102.431227356004 355.096307730008 
913 337.2180734022139 215.724261541148 
914 306.1305259137466 72.2375131272251 
915 132.3575584248395 171.8130247673674 
916 292.4920906329693 5.469164146510504 
917 333.41545500131144 99.57354849114064 
918 17.747685787572472 322.0430359369715 
919 279.4895884875768 158.28635173976366 
920 113.78442099838685 176.2231683886512 
921 115.88747721758115 144.99146427407308 
922 250.17995857832562 34.958909508226775 
923 31.514144006851243 201.4392223125943 
924 148.98407241198856 8.77104063942513 
925 74.23733856995972 64.31903847031379 
926 196.2670770287759 318.4960188590024 
927 177.4535981441751 345.95409112263326 
928 84.19390241885392 188.50290331728831 
929 11.138168069414972 39.511064343845206 
930 320.116311608006 80.30168950618223 
931 151.791553564314 5.86387782498922 
932 324.14300406661675 15.675183521124046 
933 8.50028182632143 50.088554583999844 
934 159.09639628167983 138.29156424789983 
935 136.87439697328497 223.99320987594024 
936 134.25557683408752 146.17051064529286 
937 202.4130785517214 189.89474633921972 
938 273.26273050584695 5.349643506439095 
939 200.2466061639336 225.8099041801777 
940 257.8978574691352 209.707633454647 
941 133.30782781913783 237.75056428765077 
942 227.76161309716855 119.17804093644061 
943 106.26401372593125 284.4736710234406 
944 38.60026508161819 93.85265006043089 
945 47.38124777040542 141.40231788576145 
946 92.39570257412382 268.91272898681206 
947 93.30348153398062 104.0930583850249 
948 159.80033575961426 61.96254048378264 
949 13.449466174569933 42.33050536159932 
950 312.5238234395801 304.8771029728337 
951 270.28323593318805 11.947388000781654 
952 123.18644119188849 223.8157711128295 
953 198.31051398105757 155.28601479755358 
954 19.60368333876929 65.56891924370184 
955 319.5846368636172 76.29938771719381 
956 194.44766626885394 300.17391471199284 
957 322.03038046971653 334.86524331171057 
958 77.01226395363499 336.9315458388382 
959 69.60085136845736 341.9197834398792 
960 141.48282079961058 226.67710758373212 
961 160.25540116304637 155.24649493096308 
962 113.971469239203 330.2972380408185 
963 126.55660628195422 119.40533483610413 
964 352.71817029886483 351.06690226286827 
965 207.2209800545341 38.11809753275507 
966 117.78266194987674 77.77713769210192 
967 51.72339336810165 142.70925435752702 
968 274.510422961615 54.545497992414006 
969 120.12917625828042 277.38822382547545 
970 278.5769672962148 350.3967260807325 
971 239.13498584947573 143.48465721198812 
972 346.6894560894484 232.17630126238222 
973 132.96414411281933 194.4053341439462 
974 242.36682553471925 295.2002150794124 
975 244.75382267063256 305.8473828361571 
976 217.69475840722717 312.0187565747292 
977 266.5562942262396 272.1653820721486 
978 1.629201663075639 358.68099663778185 
979 93.1820835661387 226.5135085580784 
980 220.7226451687465 336.45560399042967 
981 41.32516470295871 74.16113266792986 
982 72.057843701435 237.01524736175006 
983 182.64644129812953 208.56104085663546 
984 189.10544742758395 46.34995893225276 
985 235.9478599855683 128.5703350339552 
986 311.0672512011691 214.75017662660707 
987 86.07400768840886 275.57432242045303 
988 335.1959398793789 25.037243201915114 
989 148.54208558514048 306.3816142260934 
990 275.2077386880782 259.2344657157639 
991 174.0803010387288 18.029467449366297 
992 343.55833284694194 222.46739981840804 
993 50.69124755509328 133.31329443365138 
994 291.6838065015598 315.9054078901973 
995 114.93687894963341 306.2610287370922 
996 183.42627556693841 262.7351171856932 
997 263.6189078345033 357.27058777686887 
998 248.69279391031503 22.594279842984474 
999 287.373913925968 206.0670775836751 
